hycsy2020 000822 25
1 1 1 1 1 1 
25 33
5 15 534.452
8 15 911.739
12 15 0
3 15 926.952
7 15 986.075
1 15 0
2 15 675.247
4 15 0
6 15 534.175
16 15 0
14 15 0
13 15 0
15 15 0
10 15 0
9 15 0
11 4 0
10 3 0
1 13 368.514
3 14 896.974
9 14 0
8 10 0
15 13 0
9 15 0
7 12 0
11 7 0
XiaoZhi xiaozhi 1
0 0 0 0 0 0 
1 10
12 1 695
pikapika pikaqiu 2
0 0 0 0 0 0 
1 2
11 1 889.532
14 1 0
JieNiGui jienigui 4
0 0 0 0 0 0 
6 9
8 1 260
11 6 301.144
14 1 0
4 5 0
MiaoMiao miao 2
0 0 0 0 0 0 
1 4
14 1 546.853
5 1 755
test test 3
0 0 0 0 0 0 
1 1
8 1 0
12 1 695
15 1 0
cmz 123456 4
0 0 0 0 0 0 
4 8
7 1 361
10 3 852.382
14 1 370
2 3 116.423
